{
  "generated_by": {
    "program": "augur",
    "version": "6.2.0"
  },
  "models": {
    "country": {
      "alphabet": [
        "MEX",
        "USA",
        "?"
      ],
      "equilibrium_probabilities": [
        0.2911840479322559,
        0.7088159520677442
      ],
      "rate": 13.776872903730958,
      "transition_matrix": [
        [
          -5.897050488246977,
          2.4225287636649133
        ],
        [
          2.4225287636649133,
          -0.9951832059909042
        ]
      ]
    },
    "state": {
      "alphabet": [
        "MEX/MEX",
        "USA/Alaska",
        "USA/Arizona",
        "USA/Boston",
        "USA/California",
        "USA/Delaware",
        "USA/Florida",
        "USA/Hawaii",
        "USA/Houston",
        "USA/Illinois",
        "USA/Kentucky",
        "USA/Maryland",
        "USA/Michigan",
        "USA/Minnesota",
        "USA/Montana",
        "USA/New-York",
        "USA/Ohio",
        "USA/Oklahoma",
        "USA/Oregon",
        "USA/South-Dakota",
        "USA/Texas",
        "USA/Vermont",
        "USA/Virginia",
        "USA/Wisconsin",
        "?"
      ],
      "equilibrium_probabilities": [
        0.03755411312690097,
        0.04129856366834318,
        0.04192969158993819,
        0.0398710663323211,
        0.044624343724498736,
        0.04866457874818315,
        0.04217579410503957,
        0.04009750286153606,
        0.041493647887566425,
        0.04086677758744391,
        0.0420717624271236,
        0.03978147464729998,
        0.04205659674238782,
        0.042304228980338345,
        0.0425062677102285,
        0.042226293991386915,
        0.04243376323648813,
        0.041509153654889136,
        0.0408668255420067,
        0.040019214438858135,
        0.04135628042611486,
        0.04086682554145681,
        0.04248243709190893,
        0.04094279593774098
      ],
      "rate": 54.73942482497658,
      "transition_matrix": [
        [
          -34.83641862052861,
          1.2578716236669845,
          1.017256632913877,
          1.0727252118767754,
          2.0501958328617738,
          1.4393507145701017,
          0.9857605805036807,
          1.1551419506348357,
          1.3101228992794356,
          1.4740079421916963,
          1.516441215671647,
          1.3076474472177937,
          1.51567100037521,
          0.9850943133608212,
          0.9827961262877593,
          1.9668557852110826,
          1.3397781660074766,
          1.310050626564691,
          1.4740088474044064,
          1.3102237218503991,
          1.801196686015099,
          1.4740082203888685,
          0.9840517181092918,
          1.4739893252374305
        ],
        [
          1.2578716236669845,
          -25.164898756760028,
          1.139027648730317,
          1.5277424885039896,
          1.3517602710466297,
          1.05339196467214,
          1.1074534245721794,
          1.093173308636022,
          0.983749975525331,
          0.9837676095492862,
          1.1164319376384242,
          0.983790233956579,
          1.1143937160750255,
          1.077112392331092,
          0.9837294663069446,
          1.097670749058698,
          1.122876269973806,
          0.9837494198468324,
          0.9837683776697065,
          0.9837846765977591,
          0.9837027750856724,
          0.9837674245262875,
          1.0425763645484096,
          0.9837256854340327
        ],
        [
          1.017256632913877,
          1.139027648730317,
          -23.23691343938297,
          1.1178939154663972,
          1.053489968163212,
          0.9825959870382156,
          0.984278903139582,
          0.9980926622065459,
          0.9843157492105483,
          0.9843190057517692,
          0.9837844539530738,
          0.9843174765384773,
          0.9837925871940537,
          0.9842845452886582,
          0.9843173452464313,
          0.9839993014717839,
          1.3337877896769859,
          0.9843153850823657,
          0.9843199392037633,
          0.9843164764333068,
          0.9842646634965623,
          0.9843191956016291,
          0.9842973351071037,
          0.9842782877779577
        ],
        [
          1.0727252118767754,
          1.5277424885039896,
          1.1178939154663972,
          -25.901587770561733,
          1.569276715046281,
          1.015141555073544,
          1.115410566662193,
          1.013571777436575,
          0.9839399269691439,
          0.9839511708518232,
          1.046453957845971,
          0.9839641024892164,
          1.0454889669603091,
          1.0831085646723781,
          0.9839277011132855,
          1.1052897234811976,
          1.1025774842556906,
          0.9839395014565747,
          0.9839513567774673,
          0.9839613820451404,
          0.9838929124176424,
          0.983951662706236,
          1.0466011922032672,
          0.9839113216707952
        ],
        [
          2.0501958328617738,
          1.3517602710466297,
          1.053489968163212,
          1.569276715046281,
          -24.066687135777705,
          1.163410770369403,
          1.032316140675319,
          1.3750244562783762,
          0.982418720579368,
          0.9824514821370142,
          1.0613861436150265,
          0.9825172414487537,
          1.0602088033125285,
          1.019872578991828,
          0.9823527499504228,
          1.0289438888200375,
          1.0466958465279292,
          0.9824093822957439,
          0.9824508667658449,
          1.3096940826746848,
          0.982392954789577,
          0.9824518057195066,
          1.0065268219086814,
          0.982403559572884
        ],
        [
          1.4393507145701017,
          1.05339196467214,
          0.9825959870382156,
          1.015141555073544,
          1.163410770369403,
          -20.228868821795846,
          0.9876975514188083,
          0.9827215448905627,
          0.982625486828758,
          0.9826740643334896,
          1.058469340133124,
          1.3149865807553,
          1.0571348123734101,
          0.9865452638882123,
          0.9825603054963614,
          0.9865001708179539,
          0.9825438757573314,
          0.9826256872832521,
          0.9826744492118049,
          0.9827276632088326,
          0.9826070953082012,
          0.982674161909564,
          0.9847308568620458,
          0.9826208825028591
        ],
        [
          0.9857605805036807,
          1.1074534245721794,
          0.984278903139582,
          1.115410566662193,
          1.032316140675319,
          0.9876975514188083,
          -23.12112789563937,
          0.9842616662900917,
          0.9842529540926811,
          0.9842578941462597,
          0.9946174308689919,
          0.98425947119474,
          0.994455631418298,
          1.1418034860204118,
          0.9842525205853504,
          1.1743911040560733,
          0.9842596103139608,
          0.9842531944560796,
          0.9842580880044769,
          0.9842581883121537,
          0.9842025746408685,
          0.9842587566674847,
          1.0823148107059481,
          0.9842167214402632
        ],
        [
          1.1551419506348357,
          1.093173308636022,
          0.9980926622065459,
          1.013571777436575,
          1.3750244562783762,
          0.9827215448905627,
          0.9842616662900917,
          -24.323208544647983,
          0.9843187487937161,
          0.9843221949191735,
          0.9838197568895409,
          0.9843187373445523,
          0.9838258623119214,
          0.9842724941416232,
          0.9843204936816117,
          0.9839964462105614,
          0.9961517627115897,
          0.9843187211382042,
          0.9843213171101015,
          0.9843192978800901,
          0.9842688911989356,
          0.9843208585593023,
          0.9842904451850715,
          0.9842825890032489
        ],
        [
          1.3101228992794356,
          0.983749975525331,
          0.9843157492105483,
          0.9839399269691439,
          0.982418720579368,
          0.982625486828758,
          0.9842529540926811,
          0.9843187487937161,
          -23.352975378065572,
          0.9843218664716042,
          0.9837873463914398,
          0.9843196009594172,
          0.9837961764226341,
          0.984265606426592,
          0.9843206500423727,
          0.9839805952810212,
          0.9843028375923175,
          0.9843182742425286,
          0.9843228431327744,
          0.984319846912088,
          1.3122398621033702,
          0.9843220727759281,
          0.9842872474828377,
          0.9842813823046371
        ],
        [
          1.4740079421916963,
          0.9837676095492862,
          0.9843190057517692,
          0.9839511708518232,
          0.9824514821370142,
          0.9826740643334896,
          0.9842578941462597,
          0.9843221949191735,
          0.9843218664716042,
          -23.54547782344899,
          0.9838054019449384,
          0.9843229786962879,
          0.9838131173904971,
          0.9842714794896712,
          0.9843239620655077,
          0.9840753988088747,
          0.984391576540839,
          0.9844076631657062,
          0.9843248470685855,
          0.9843224409439547,
          0.9842720687651227,
          0.984324913981222,
          0.9842912108273963,
          0.9842854289213677
        ],
        [
          1.516441215671647,
          1.1164319376384242,
          0.9837844539530738,
          1.046453957845971,
          1.0613861436150265,
          1.058469340133124,
          0.9946174308689919,
          0.9838197568895409,
          0.9837873463914398,
          0.9838054019449384,
          -23.711082308378078,
          0.9838261063060488,
          1.4286077259923025,
          0.9921612829931538,
          0.9837672482827232,
          0.9926464690894982,
          0.9837581568687511,
          0.9837873230186776,
          0.9838049930581162,
          0.9838203227601006,
          0.9837397312420944,
          0.9838056881319145,
          0.988456376460264,
          0.9837615427893796
        ],
        [
          1.3076474472177937,
          0.983790233956579,
          0.9843174765384773,
          0.9839641024892164,
          0.9825172414487537,
          1.3149865807553,
          0.98425947119474,
          0.9843187373445523,
          0.9843196009594172,
          0.9843229786962879,
          0.9838261063060488,
          -24.46406155811142,
          0.983833645296546,
          0.9842712206351297,
          0.9843218849155452,
          0.9839963542344123,
          0.9843047891606599,
          0.9843197979059065,
          0.9843233550756946,
          0.9843216474294917,
          0.9843011963644914,
          0.9843223937661394,
          0.9842903767082565,
          0.9842836642595563
        ],
        [
          1.51567100037521,
          1.1143937160750255,
          0.9837925871940537,
          1.0454889669603091,
          1.0602088033125285,
          1.0571348123734101,
          0.994455631418298,
          0.9838258623119214,
          0.9837961764226341,
          0.9838131173904971,
          1.4286077259923025,
          0.983833645296546,
          -23.713369960871514,
          0.9920376633264778,
          0.9837758344876935,
          0.9925099658007736,
          0.9837665052754684,
          0.9837962045531611,
          0.983812535799441,
          0.9838287870311099,
          0.9837555412843397,
          0.983812943394876,
          0.9883911668562063,
          0.9837699304662704
        ],
        [
          0.9850943133608212,
          1.077112392331092,
          0.9842845452886582,
          1.0831085646723781,
          1.019872578991828,
          0.9865452638882123,
          1.1418034860204118,
          0.9842724941416232,
          0.984265606426592,
          0.9842714794896712,
          0.9921612829931538,
          0.9842712206351297,
          0.9920376633264778,
          -23.223602466673384,
          0.984267110146523,
          1.1284540555971203,
          0.9842663197190997,
          0.9842662434513055,
          0.9842721005403258,
          0.9842701713379397,
          0.9842154503519439,
          0.9842712773317398,
          1.3828414247979561,
          0.9842305489438584
        ],
        [
          0.9827961262877593,
          0.9837294663069446,
          0.9843173452464313,
          0.9839277011132855,
          0.9823527499504228,
          0.9825603054963614,
          0.9842525205853504,
          0.9843204936816117,
          0.9843206500423727,
          0.9843239620655077,
          0.9837672482827232,
          0.9843218849155452,
          0.9837758344876935,
          0.984267110146523,
          -22.65344733339365,
          1.4759619760789684,
          0.9843036958831674,
          0.9843215905548373,
          0.9843242265129989,
          0.9843216974469493,
          0.9842691331567703,
          0.9843244447240087,
          0.9842880188545147,
          0.9842820195397061
        ],
        [
          1.9668557852110826,
          1.097670749058698,
          0.9839993014717839,
          1.1052897234811976,
          1.0289438888200375,
          0.9865001708179539,
          1.1743911040560733,
          0.9839964462105614,
          0.9839805952810212,
          0.9840753988088747,
          0.9926464690894982,
          0.9839963542344123,
          0.9925099658007736,
          1.1284540555971203,
          1.4759619760789684,
          -24.40581936839741,
          0.9840634974017901,
          0.9840664941788774,
          0.98398943863265,
          0.9839947993277183,
          0.9839308336465328,
          0.9839905137583049,
          1.0728507680980688,
          0.983948041015961
        ],
        [
          1.3397781660074766,
          1.122876269973806,
          1.3337877896769859,
          1.1025774842556906,
          1.0466958465279292,
          0.9825438757573314,
          0.9842596103139608,
          0.9961517627115897,
          0.9843028375923175,
          0.984391576540839,
          0.9837581568687511,
          0.9843047891606599,
          0.9837665052754684,
          0.9842663197190997,
          0.9843036958831674,
          0.9840634974017901,
          -23.512105297499627,
          1.3123214561860288,
          0.9843062345707754,
          0.98430460529637,
          0.9842503211701266,
          0.9843062600603495,
          0.9842800001895898,
          0.9842645256677732
        ],
        [
          1.310050626564691,
          0.9837494198468324,
          0.9843153850823657,
          0.9839395014565747,
          0.9824093822957439,
          0.9826256872832521,
          0.9842531944560796,
          0.9843187211382042,
          0.9843182742425286,
          0.9844076631657062,
          0.9837873230186776,
          0.9843197979059065,
          0.9837962045531611,
          0.9842662434513055,
          0.9843215905548373,
          0.9840664941788774,
          1.3123214561860288,
          -23.352540441869692,
          0.9843218029576112,
          0.9843192950688874,
          0.9842678516755237,
          0.9843220689317234,
          0.984286892214987,
          0.984281170349886
        ],
        [
          1.4740088474044064,
          0.9837683776697065,
          0.9843199392037633,
          0.9839513567774673,
          0.9824508667658449,
          0.9826744492118049,
          0.9842580880044769,
          0.9843213171101015,
          0.9843228431327744,
          0.9843248470685855,
          0.9838049930581162,
          0.9843233550756946,
          0.983812535799441,
          0.9842721005403258,
          0.9843242265129989,
          0.98398943863265,
          0.9843062345707754,
          0.9843218029576112,
          -23.545189148071987,
          0.9843227164877368,
          0.9842716024307451,
          0.9843261704638412,
          0.9842916813215418,
          0.9842855088183939
        ],
        [
          1.3102237218503991,
          0.9837846765977591,
          0.9843164764333068,
          0.9839613820451404,
          1.3096940826746848,
          0.9827276632088326,
          0.9842581883121537,
          0.9843192978800901,
          0.984319846912088,
          0.9843224409439547,
          0.9838203227601006,
          0.9843216474294917,
          0.9838287870311099,
          0.9842701713379397,
          0.9843216974469493,
          0.9839947993277183,
          0.98430460529637,
          0.9843192950688874,
          0.9843227164877368,
          -24.27603650393497,
          0.9842761204405497,
          0.9843229481745952,
          0.9842901954882447,
          0.9842832470616162
        ],
        [
          1.801196686015099,
          0.9837027750856724,
          0.9842646634965623,
          0.9838929124176424,
          0.982392954789577,
          0.9826070953082012,
          0.9842025746408685,
          0.9842688911989356,
          1.3122398621033702,
          0.9842720687651227,
          0.9837397312420944,
          0.9843011963644914,
          0.9837555412843397,
          0.9842154503519439,
          0.9842691331567703,
          0.9839308336465328,
          0.9842503211701266,
          0.9842678516755237,
          0.9842716024307451,
          0.9842761204405497,
          -23.87987329588409,
          0.9842720412093514,
          0.9842349599720296,
          0.984231501865976
        ],
        [
          1.4740082203888685,
          0.9837674245262875,
          0.9843191956016291,
          0.983951662706236,
          0.9824518057195066,
          0.982674161909564,
          0.9842587566674847,
          0.9843208585593023,
          0.9843220727759281,
          0.984324913981222,
          0.9838056881319145,
          0.9843223937661394,
          0.983812943394876,
          0.9842712773317398,
          0.9843244447240087,
          0.9839905137583049,
          0.9843062600603495,
          0.9843220689317234,
          0.9843261704638412,
          0.9843229481745952,
          0.9842720412093514,
          -23.545188423522994,
          0.9842911338478846,
          0.984285496403174
        ],
        [
          0.9840517181092918,
          1.0425763645484096,
          0.9842973351071037,
          1.0466011922032672,
          1.0065268219086814,
          0.9847308568620458,
          1.0823148107059481,
          0.9842904451850715,
          0.9842872474828377,
          0.9842912108273963,
          0.988456376460264,
          0.9842903767082565,
          0.9883911668562063,
          1.3828414247979561,
          0.9842880188545147,
          1.0728507680980688,
          0.9842800001895898,
          0.984286892214987,
          0.9842916813215418,
          0.9842901954882447,
          0.9842349599720296,
          0.9842911338478846,
          -22.914155390596616,
          0.9842486298347504
        ],
        [
          1.4739893252374305,
          0.9837256854340327,
          0.9842782877779577,
          0.9839113216707952,
          0.982403559572884,
          0.9826208825028591,
          0.9842167214402632,
          0.9842825890032489,
          0.9842813823046371,
          0.9842854289213677,
          0.9837615427893796,
          0.9842836642595563,
          0.9837699304662704,
          0.9842305489438584,
          0.9842820195397061,
          0.983948041015961,
          0.9842645256677732,
          0.984281170349886,
          0.9842855088183939,
          0.9842832470616162,
          0.984231501865976,
          0.984285496403174,
          0.9842486298347504,
          -23.49874913786738
        ]
      ]
    }
  },
  "nodes": {
    "CY025221": {
      "country": "USA",
      "country_confidence": {
        "USA": 1.0
      },
      "country_entropy": -1.000088900581841e-12,
      "state": "USA/Michigan",
      "state_confidence": {
        "USA/Michigan": 1.0
      },
      "state_entropy": -1.000088900581841e-12
    },
    "CY025229": {
      "country": "USA",
      "country_confidence": {
        "USA": 1.0
      },
      "country_entropy": -1.000088900581841e-12,
      "state": "USA/Kentucky",
      "state_confidence": {
        "USA/Kentucky": 1.0
      },
      "state_entropy": -1.000088900581841e-12
    },
    "CY040838": {
      "country": "USA",
      "country_confidence": {
        "USA": 1.0
      },
      "country_entropy": -1.000088900581841e-12,
      "state": "USA/New-York",
      "state_confidence": {
        "USA/New-York": 1.0
      },
      "state_entropy": -1.000088900581841e-12
    },
    "CY040854": {
      "country": "USA",
      "country_confidence": {
        "USA": 1.0
      },
      "country_entropy": -1.000088900581841e-12,
      "state": "USA/New-York",
      "state_confidence": {
        "USA/New-York": 1.0
      },
      "state_entropy": -1.000088900581841e-12
    },
    "CY041122": {
      "country": "USA",
      "country_confidence": {
        "USA": 1.0
      },
      "country_entropy": -1.000088900581841e-12,
      "state": "USA/New-York",
      "state_confidence": {
        "USA/New-York": 0.9999999999999999
      },
      "state_entropy": -9.99866855976916e-13
    },
    "CY041146": {
      "country": "USA",
      "country_confidence": {
        "USA": 1.0
      },
      "country_entropy": -1.000088900581841e-12,
      "state": "USA/New-York",
      "state_confidence": {
        "USA/New-York": 1.0
      },
      "state_entropy": -1.000088900581841e-12
    },
    "CY041726": {
      "country": "USA",
      "country_confidence": {
        "USA": 1.0
      },
      "country_entropy": -1.000088900581841e-12,
      "state": "USA/New-York",
      "state_confidence": {
        "USA/New-York": 1.0
      },
      "state_entropy": -1.000088900581841e-12
    },
    "CY043904": {
      "country": "USA",
      "country_confidence": {
        "USA": 0.9999999999999999
      },
      "country_entropy": -9.99866855976916e-13,
      "state": "USA/Delaware",
      "state_confidence": {
        "USA/Delaware": 1.0
      },
      "state_entropy": -1.000088900581841e-12
    },
    "CY046235": {
      "country": "USA",
      "country_confidence": {
        "USA": 0.9999999999999999
      },
      "country_entropy": -9.99866855976916e-13,
      "state": "USA/Wisconsin",
      "state_confidence": {
        "USA/Wisconsin": 1.0
      },
      "state_entropy": -1.000088900581841e-12
    },
    "CY046499": {
      "country": "USA",
      "country_confidence": {
        "USA": 0.9999999999999999
      },
      "country_entropy": -9.99866855976916e-13,
      "state": "USA/Wisconsin",
      "state_confidence": {
        "USA/Wisconsin": 1.0
      },
      "state_entropy": -1.000088900581841e-12
    },
    "CY047326": {
      "country": "USA",
      "country_confidence": {
        "USA": 1.0
      },
      "country_entropy": -1.000088900581841e-12,
      "state": "USA/New-York",
      "state_confidence": {
        "USA/New-York": 0.9999999999999999
      },
      "state_entropy": -9.99866855976916e-13
    },
    "CY050764": {
      "country": "USA",
      "country_confidence": {
        "USA": 0.9999999999999999
      },
      "country_entropy": -9.99866855976916e-13,
      "state": "USA/New-York",
      "state_confidence": {
        "USA/New-York": 1.0
      },
      "state_entropy": -1.000088900581841e-12
    },
    "CY053087": {
      "country": "USA",
      "country_confidence": {
        "USA": 1.0
      },
      "country_entropy": -1.000088900581841e-12,
      "state": "USA/Houston",
      "state_confidence": {
        "USA/Houston": 1.0
      },
      "state_entropy": -1.000088900581841e-12
    },
    "CY074083": {
      "country": "USA",
      "country_confidence": {
        "USA": 1.0
      },
      "country_entropy": -1.000088900581841e-12,
      "state": "USA/California",
      "state_confidence": {
        "USA/California": 1.0
      },
      "state_entropy": -1.000088900581841e-12
    },
    "CY074643": {
      "country": "USA",
      "country_confidence": {
        "USA": 1.0
      },
      "country_entropy": -1.000088900581841e-12,
      "state": "USA/California",
      "state_confidence": {
        "USA/California": 1.0
      },
      "state_entropy": -1.000088900581841e-12
    },
    "CY080610": {
      "country": "USA",
      "country_confidence": {
        "USA": 1.0
      },
      "country_entropy": -1.000088900581841e-12,
      "state": "USA/Boston",
      "state_confidence": {
        "USA/Boston": 0.9999999999999999
      },
      "state_entropy": -9.99866855976916e-13
    },
    "CY080913": {
      "country": "USA",
      "country_confidence": {
        "USA": 0.9999999999999999
      },
      "country_entropy": -9.99866855976916e-13,
      "state": "USA/Boston",
      "state_confidence": {
        "USA/Boston": 1.0
      },
      "state_entropy": -1.000088900581841e-12
    },
    "CY147587": {
      "country": "MEX",
      "country_confidence": {
        "MEX": 0.9999999999999999
      },
      "country_entropy": -9.99866855976916e-13,
      "state": "MEX/MEX",
      "state_confidence": {
        "MEX/MEX": 1.0
      },
      "state_entropy": -1.000088900581841e-12
    },
    "CY147787": {
      "country": "MEX",
      "country_confidence": {
        "MEX": 1.0
      },
      "country_entropy": -1.000088900581841e-12,
      "state": "MEX/MEX",
      "state_confidence": {
        "MEX/MEX": 0.9999999999999999
      },
      "state_entropy": -9.99866855976916e-13
    },
    "EU716555": {
      "country": "USA",
      "country_confidence": {
        "USA": 1.0
      },
      "country_entropy": -1.000088900581841e-12,
      "state": "USA/Alaska",
      "state_confidence": {
        "USA/Alaska": 1.0
      },
      "state_entropy": -1.000088900581841e-12
    },
    "FJ686949": {
      "country": "USA",
      "country_confidence": {
        "USA": 1.0
      },
      "country_entropy": -1.000088900581841e-12,
      "state": "USA/Arizona",
      "state_confidence": {
        "USA/Arizona": 1.0
      },
      "state_entropy": -1.000088900581841e-12
    },
    "FJ687001": {
      "country": "USA",
      "country_confidence": {
        "USA": 0.9999999999999999
      },
      "country_entropy": -9.99866855976916e-13,
      "state": "USA/Alaska",
      "state_confidence": {
        "USA/Alaska": 0.9999999999999999
      },
      "state_entropy": -9.99866855976916e-13
    },
    "FJ966082": {
      "country": "USA",
      "country_confidence": {
        "USA": 1.0
      },
      "country_entropy": -1.000088900581841e-12,
      "state": "USA/California",
      "state_confidence": {
        "USA/California": 1.0
      },
      "state_entropy": -1.000088900581841e-12
    },
    "FJ969509": {
      "country": "USA",
      "country_confidence": {
        "USA": 1.0
      },
      "country_entropy": -1.000088900581841e-12,
      "state": "USA/New-York",
      "state_confidence": {
        "USA/New-York": 1.0
      },
      "state_entropy": -1.000088900581841e-12
    },
    "FJ981613": {
      "country": "USA",
      "country_confidence": {
        "USA": 1.0
      },
      "country_entropy": -1.000088900581841e-12,
      "state": "USA/California",
      "state_confidence": {
        "USA/California": 1.0
      },
      "state_entropy": -1.000088900581841e-12
    },
    "GQ117091": {
      "country": "USA",
      "country_confidence": {
        "USA": 1.0
      },
      "country_entropy": -1.000088900581841e-12,
      "state": "USA/Texas",
      "state_confidence": {
        "USA/Texas": 0.9999999999999999
      },
      "state_entropy": -9.99866855976916e-13
    },
    "GQ149623": {
      "country": "MEX",
      "country_confidence": {
        "MEX": 1.0
      },
      "country_entropy": -1.000088900581841e-12,
      "state": "MEX/MEX",
      "state_confidence": {
        "MEX/MEX": 1.0
      },
      "state_entropy": -1.000088900581841e-12
    },
    "GQ149647": {
      "country": "MEX",
      "country_confidence": {
        "MEX": 1.0
      },
      "country_entropy": -1.000088900581841e-12,
      "state": "MEX/MEX",
      "state_confidence": {
        "MEX/MEX": 1.0
      },
      "state_entropy": -1.000088900581841e-12
    },
    "GQ149671": {
      "country": "MEX",
      "country_confidence": {
        "MEX": 1.0
      },
      "country_entropy": -1.000088900581841e-12,
      "state": "MEX/MEX",
      "state_confidence": {
        "MEX/MEX": 1.0
      },
      "state_entropy": -1.000088900581841e-12
    },
    "GQ149674": {
      "country": "MEX",
      "country_confidence": {
        "MEX": 1.0
      },
      "country_entropy": -1.000088900581841e-12,
      "state": "MEX/MEX",
      "state_confidence": {
        "MEX/MEX": 1.0
      },
      "state_entropy": -1.000088900581841e-12
    },
    "GQ149689": {
      "country": "MEX",
      "country_confidence": {
        "MEX": 1.0
      },
      "country_entropy": -1.000088900581841e-12,
      "state": "MEX/MEX",
      "state_confidence": {
        "MEX/MEX": 0.9999999999999999
      },
      "state_entropy": -9.99866855976916e-13
    },
    "GQ149692": {
      "country": "MEX",
      "country_confidence": {
        "MEX": 1.0
      },
      "country_entropy": -1.000088900581841e-12,
      "state": "MEX/MEX",
      "state_confidence": {
        "MEX/MEX": 1.0
      },
      "state_entropy": -1.000088900581841e-12
    },
    "GQ160565": {
      "country": "USA",
      "country_confidence": {
        "USA": 1.0
      },
      "country_entropy": -1.000088900581841e-12,
      "state": "USA/Maryland",
      "state_confidence": {
        "USA/Maryland": 1.0
      },
      "state_entropy": -1.000088900581841e-12
    },
    "GQ162185": {
      "country": "MEX",
      "country_confidence": {
        "MEX": 1.0
      },
      "country_entropy": -1.000088900581841e-12,
      "state": "MEX/MEX",
      "state_confidence": {
        "MEX/MEX": 1.0
      },
      "state_entropy": -1.000088900581841e-12
    },
    "GQ162194": {
      "country": "MEX",
      "country_confidence": {
        "MEX": 0.9999999999999999
      },
      "country_entropy": -9.99866855976916e-13,
      "state": "MEX/MEX",
      "state_confidence": {
        "MEX/MEX": 1.0
      },
      "state_entropy": -1.000088900581841e-12
    },
    "GQ168636": {
      "country": "USA",
      "country_confidence": {
        "USA": 1.0
      },
      "country_entropy": -1.000088900581841e-12,
      "state": "USA/Delaware",
      "state_confidence": {
        "USA/Delaware": 1.0
      },
      "state_entropy": -1.000088900581841e-12
    },
    "GQ168861": {
      "country": "USA",
      "country_confidence": {
        "USA": 1.0
      },
      "country_entropy": -1.000088900581841e-12,
      "state": "USA/Texas",
      "state_confidence": {
        "USA/Texas": 0.9999999999999999
      },
      "state_entropy": -9.99866855976916e-13
    },
    "GQ200221": {
      "country": "USA",
      "country_confidence": {
        "USA": 1.0
      },
      "country_entropy": -1.000088900581841e-12,
      "state": "USA/Texas",
      "state_confidence": {
        "USA/Texas": 0.9999999999999999
      },
      "state_entropy": -9.99866855976916e-13
    },
    "GQ200255": {
      "country": "USA",
      "country_confidence": {
        "USA": 1.0
      },
      "country_entropy": -1.000088900581841e-12,
      "state": "USA/Oklahoma",
      "state_confidence": {
        "USA/Oklahoma": 1.0
      },
      "state_entropy": -1.000088900581841e-12
    },
    "GQ223112": {
      "country": "MEX",
      "country_confidence": {
        "MEX": 1.0
      },
      "country_entropy": -1.000088900581841e-12,
      "state": "MEX/MEX",
      "state_confidence": {
        "MEX/MEX": 0.9999999999999999
      },
      "state_entropy": -9.99866855976916e-13
    },
    "GQ231990": {
      "country": "USA",
      "country_confidence": {
        "USA": 1.0
      },
      "country_entropy": -1.000088900581841e-12,
      "state": "USA/South-Dakota",
      "state_confidence": {
        "USA/South-Dakota": 0.9999999999999999
      },
      "state_entropy": -9.99866855976916e-13
    },
    "GQ231993": {
      "country": "USA",
      "country_confidence": {
        "USA": 1.0
      },
      "country_entropy": -1.000088900581841e-12,
      "state": "USA/Ohio",
      "state_confidence": {
        "USA/Ohio": 1.0
      },
      "state_entropy": -1.000088900581841e-12
    },
    "GQ232003": {
      "country": "USA",
      "country_confidence": {
        "USA": 0.9999999999999999
      },
      "country_entropy": -9.99866855976916e-13,
      "state": "USA/Oregon",
      "state_confidence": {
        "USA/Oregon": 0.9999999999999999
      },
      "state_entropy": -9.99866855976916e-13
    },
    "GQ232007": {
      "country": "USA",
      "country_confidence": {
        "USA": 0.9999999999999999
      },
      "country_entropy": -9.99866855976916e-13,
      "state": "USA/Vermont",
      "state_confidence": {
        "USA/Vermont": 1.0
      },
      "state_entropy": -1.000088900581841e-12
    },
    "GQ232028": {
      "country": "USA",
      "country_confidence": {
        "USA": 1.0
      },
      "country_entropy": -1.000088900581841e-12,
      "state": "USA/Illinois",
      "state_confidence": {
        "USA/Illinois": 0.9999999999999999
      },
      "state_entropy": -9.99866855976916e-13
    },
    "GQ303340": {
      "country": "MEX",
      "country_confidence": {
        "MEX": 1.0
      },
      "country_entropy": -1.000088900581841e-12,
      "state": "MEX/MEX",
      "state_confidence": {
        "MEX/MEX": 0.9999999999999999
      },
      "state_entropy": -9.99866855976916e-13
    },
    "GQ323464": {
      "country": "USA",
      "country_confidence": {
        "USA": 0.9999999999999999
      },
      "country_entropy": -9.99866855976916e-13,
      "state": "USA/Kentucky",
      "state_confidence": {
        "USA/Kentucky": 1.0
      },
      "state_entropy": -1.000088900581841e-12
    },
    "GQ338349": {
      "country": "USA",
      "country_confidence": {
        "USA": 0.9999999999999999
      },
      "country_entropy": -9.99866855976916e-13,
      "state": "USA/Michigan",
      "state_confidence": {
        "USA/Michigan": 1.0
      },
      "state_entropy": -1.000088900581841e-12
    },
    "GQ457497": {
      "country": "USA",
      "country_confidence": {
        "USA": 1.0
      },
      "country_entropy": -1.000088900581841e-12,
      "state": "USA/New-York",
      "state_confidence": {
        "USA/New-York": 0.9999999999999999
      },
      "state_entropy": -9.99866855976916e-13
    },
    "GQ457511": {
      "country": "USA",
      "country_confidence": {
        "USA": 1.0
      },
      "country_entropy": -1.000088900581841e-12,
      "state": "USA/Montana",
      "state_confidence": {
        "USA/Montana": 1.0
      },
      "state_entropy": -1.000088900581841e-12
    },
    "GQ475930": {
      "country": "USA",
      "country_confidence": {
        "USA": 0.9999999999999999
      },
      "country_entropy": -9.99866855976916e-13,
      "state": "USA/Ohio",
      "state_confidence": {
        "USA/Ohio": 1.0
      },
      "state_entropy": -1.000088900581841e-12
    },
    "GQ475996": {
      "country": "USA",
      "country_confidence": {
        "USA": 1.0
      },
      "country_entropy": -1.000088900581841e-12,
      "state": "USA/Minnesota",
      "state_confidence": {
        "USA/Minnesota": 1.0
      },
      "state_entropy": -1.000088900581841e-12
    },
    "GQ476008": {
      "country": "USA",
      "country_confidence": {
        "USA": 1.0
      },
      "country_entropy": -1.000088900581841e-12,
      "state": "USA/Virginia",
      "state_confidence": {
        "USA/Virginia": 1.0
      },
      "state_entropy": -1.000088900581841e-12
    },
    "GQ476034": {
      "country": "USA",
      "country_confidence": {
        "USA": 1.0
      },
      "country_entropy": -1.000088900581841e-12,
      "state": "USA/Hawaii",
      "state_confidence": {
        "USA/Hawaii": 1.0
      },
      "state_entropy": -1.000088900581841e-12
    },
    "GQ476071": {
      "country": "USA",
      "country_confidence": {
        "USA": 1.0
      },
      "country_entropy": -1.000088900581841e-12,
      "state": "USA/Florida",
      "state_confidence": {
        "USA/Florida": 1.0
      },
      "state_entropy": -1.000088900581841e-12
    },
    "KC781723": {
      "country": "USA",
      "country_confidence": {
        "USA": 1.0
      },
      "country_entropy": -1.000088900581841e-12,
      "state": "USA/California",
      "state_confidence": {
        "USA/California": 1.0
      },
      "state_entropy": -1.000088900581841e-12
    },
    "NODE_0000000": {
      "country": "USA",
      "country_confidence": {
        "USA": 0.9999748511228552
      },
      "country_entropy": 0.0002914927044037669,
      "state": "USA/Minnesota",
      "state_confidence": {
        "USA/Florida": 0.04564107223001416,
        "USA/Minnesota": 0.554019227612917,
        "USA/New-York": 0.03587877228753601,
        "USA/Virginia": 0.2787701490951318
      },
      "state_entropy": 1.3010243177146705
    },
    "NODE_0000001": {
      "country": "USA",
      "country_confidence": {
        "MEX": 0.2862307732278154,
        "USA": 0.7137692267721845
      },
      "country_entropy": 0.5987421879806407,
      "state": "USA/Delaware",
      "state_confidence": {
        "USA/California": 0.044648271303245404,
        "USA/Delaware": 0.04879284790213045,
        "USA/Montana": 0.04248052468896678,
        "USA/Virginia": 0.0424598723532634
      },
      "state_entropy": 3.1769435924454594
    },
    "NODE_0000002": {
      "country": "USA",
      "country_confidence": {
        "USA": 0.9999943501963072
      },
      "country_entropy": 7.392139071022944e-05,
      "state": "USA/Florida",
      "state_confidence": {
        "USA/Boston": 0.16468258035058925,
        "USA/Florida": 0.2152044498617553,
        "USA/Minnesota": 0.17123383547445617,
        "USA/New-York": 0.17066537902668275
      },
      "state_entropy": 1.9512524808116254
    },
    "NODE_0000003": {
      "country": "USA",
      "country_confidence": {
        "USA": 0.9999684884387212
      },
      "country_entropy": 0.0003581333129675703,
      "state": "USA/Boston",
      "state_confidence": {
        "USA/Alaska": 0.3860455064643725,
        "USA/Boston": 0.40139609089188516,
        "USA/Florida": 0.05347594036833026,
        "USA/New-York": 0.04247375451459063
      },
      "state_entropy": 1.4914379244939937
    },
    "NODE_0000004": {
      "country": "USA",
      "country_confidence": {
        "USA": 0.9999814232001238
      },
      "country_entropy": 0.00022094479810656965,
      "state": "USA/Boston",
      "state_confidence": {
        "USA/Alaska": 0.28805585012554064,
        "USA/Boston": 0.6405051700506101,
        "USA/California": 0.0521988759496922,
        "USA/Florida": 0.0030609761689282707
      },
      "state_entropy": 0.9170871730220657
    },
    "NODE_0000005": {
      "country": "USA",
      "country_confidence": {
        "USA": 0.9999606024048857
      },
      "country_entropy": 0.0004389595749161457,
      "state": "USA/Boston",
      "state_confidence": {
        "MEX/MEX": 0.0012056820587163933,
        "USA/Alaska": 0.06891418358071869,
        "USA/Boston": 0.7711755591779912,
        "USA/California": 0.15033433997471288
      },
      "state_entropy": 0.7415556658595464
    },
    "NODE_0000007": {
      "country": "USA",
      "country_confidence": {
        "USA": 0.9999778037782814
      },
      "country_entropy": 0.0002600415510493402,
      "state": "USA/Alaska",
      "state_confidence": {
        "USA/Alaska": 0.41591901030545414,
        "USA/Arizona": 0.09294634440860716,
        "USA/Boston": 0.2768319781707829,
        "USA/Ohio": 0.08347452421908025
      },
      "state_entropy": 1.5849888010584563
    },
    "NODE_0000008": {
      "country": "USA",
      "country_confidence": {
        "USA": 0.9999930101974721
      },
      "country_entropy": 8.996612908302577e-05,
      "state": "USA/Arizona",
